name,latitude,longitude,altitude,pitch,roll,yaw
20160430_110516_497061.jpg,49.911201,-98.268074,300.190000,0.282395,-0.284098,-2.292027
20160430_110518_094612.jpg,49.911182,-98.267923,303.140000,0.202766,0.301128,-2.310161
20160430_110519_646614.jpg,49.911116,-98.267756,299.200000,-0.118568,0.557617,-2.719527
20160430_110521_389356.jpg,49.910903,-98.267683,301.600000,0.125133,0.372738,-2.987049
20160430_110522_923625.jpg,49.910660,-98.267896,314.120000,0.234871,0.453967,-2.153812
20160430_110524_440522.jpg,49.910554,-98.268188,319.880000,0.355125,0.170330,-1.724296
20160430_110525_936742.jpg,49.910508,-98.268486,325.370000,0.281420,0.113607,-1.629691
20160430_110527_428566.jpg,49.910265,-98.269201,325.910000,0.222998,0.048599,-1.709487
20160430_110528_936817.jpg,49.910177,-98.269729,328.520000,0.279308,-0.034324,-1.760871
20160430_110530_476297.jpg,49.910113,-98.270276,332.010000,0.316691,0.385916,-1.889568
20160430_110607_198905.jpg,49.909689,-98.267805,438.220000,0.196820,0.370525,1.750075
20160430_110608_706355.jpg,49.909608,-98.267653,440.760000,0.110671,0.346038,2.027677
20160430_110610_190341.jpg,49.909479,-98.267520,440.720000,0.084519,0.382239,2.397457
20160430_110611_697522.jpg,49.909292,-98.267442,440.690000,0.093832,0.343598,2.746671
20160430_110613_208904.jpg,49.909062,-98.267440,441.310000,0.102659,0.231787,2.999657
20160430_110614_748438.jpg,49.908789,-98.267508,441.920000,0.104493,0.169700,3.110971
20160430_110616_309994.jpg,49.908522,-98.267628,442.660000,0.113131,0.156272,-3.044689
20160430_110618_059227.jpg,49.908257,-98.267803,442.920000,0.226349,0.737271,-3.000671
20160430_110619_659399.jpg,49.908009,-98.268181,441.440000,-0.035049,0.898456,-1.931768
20160430_110621_109586.jpg,49.907960,-98.268687,437.200000,-0.095309,0.819128,-1.023010
20160430_110623_293236.jpg,49.908229,-98.269172,427.900000,-0.173702,0.096379,-0.140855
20160430_110624_844485.jpg,49.908467,-98.269371,423.670000,-0.160215,0.272464,-0.278187
20160430_110626_387089.jpg,49.908702,-98.269538,420.340000,-0.000934,0.129662,-0.006953
20160430_110628_159709.jpg,49.908931,-98.269665,420.990000,0.022871,-0.014492,0.023453
20160430_110629_767258.jpg,49.909150,-98.269807,421.070000,0.043077,-0.005870,-0.075486
20160430_110631_435631.jpg,49.909344,-98.269949,422.000000,0.064521,0.227639,-0.041617
20160430_110632_910004.jpg,49.909524,-98.270029,421.830000,0.017325,0.467331,0.256496
20160430_110634_422446.jpg,49.909673,-98.269991,417.850000,-0.171828,0.441945,0.711444
20160430_110635_871074.jpg,49.909772,-98.269868,410.880000,-0.221968,0.144579,1.058778
20160430_110637_410742.jpg,49.909870,-98.269676,403.140000,-0.120073,-0.065269,1.076180
20160430_110639_029866.jpg,49.909973,-98.269449,398.100000,-0.061706,0.143882,1.074986
20160430_110640_476781.jpg,49.910041,-98.269226,396.880000,0.001492,0.156023,1.208366
20160430_110641_936079.jpg,49.910075,-98.269005,397.430000,0.046076,0.119891,1.347196
20160430_110643_424284.jpg,49.910084,-98.268816,397.830000,0.045457,0.133066,1.382164
20160430_110645_051508.jpg,49.910073,-98.268601,397.450000,0.144337,0.189725,1.516304
20160430_110646_562786.jpg,49.910035,-98.268433,398.220000,0.151218,0.111600,1.737509
20160430_110648_401275.jpg,49.909972,-98.268250,399.450000,0.167394,-0.121179,1.678482
20160430_110649_947068.jpg,49.909929,-98.268049,401.080000,0.397351,-0.081342,1.484048
20160430_110651_623513.jpg,49.909907,-98.267870,407.600000,0.454537,-0.193768,1.338158
20160430_110716_918248.jpg,49.908237,-98.269592,428.730000,0.126813,-0.091031,2.941626
20160430_110718_423414.jpg,49.907893,-98.269668,429.070000,0.165875,-0.075787,2.769476
20160430_110719_963649.jpg,49.907645,-98.269707,429.050000,0.170645,-0.025761,2.807120
20160430_110721_496236.jpg,49.907391,-98.269744,430.260000,0.208218,0.036663,2.996194
20160430_110723_432996.jpg,49.907096,-98.269808,432.250000,0.218588,-0.028773,2.911140
20160430_110724_939584.jpg,49.906877,-98.269843,433.740000,0.240077,-0.026822,2.769753
20160430_110726_479644.jpg,49.906666,-98.269862,435.440000,0.233378,-0.002554,2.769412
20160430_110727_991261.jpg,49.906439,-98.269887,437.460000,0.254259,0.043236,2.890111
20160430_110729_526521.jpg,49.906228,-98.269940,439.840000,0.260507,-0.027383,2.990949
20160430_110730_984965.jpg,49.906021,-98.269987,443.130000,0.309799,-0.397793,2.842231
20160430_110732_621564.jpg,49.905818,-98.269956,446.850000,0.261466,-0.311992,2.152924
20160430_110734_088468.jpg,49.905672,-98.269844,449.940000,0.219195,-0.185786,2.001863
20160430_110735_706953.jpg,49.905550,-98.269683,452.670000,0.147869,-0.125857,1.914014
20160430_110737_153251.jpg,49.905465,-98.269517,455.160000,0.117944,-0.015464,1.804454
20160430_110738_667127.jpg,49.905389,-98.269340,457.550000,0.100667,-0.017877,1.712569
20160430_110740_145751.jpg,49.905319,-98.269159,459.200000,0.069195,0.017001,1.695983
20160430_110741_880921.jpg,49.905249,-98.268981,460.330000,0.039455,0.070700,1.671389
20160430_110743_379035.jpg,49.905155,-98.268752,461.060000,0.056650,0.070185,1.742118
20160430_110744_896833.jpg,49.905041,-98.268522,461.900000,0.047144,0.037637,1.890351
20160430_110746_386112.jpg,49.904922,-98.268319,462.370000,0.000828,-0.016856,1.905193
20160430_110748_007472.jpg,49.904783,-98.268061,462.670000,0.009797,0.090196,2.115203
20160430_110749_469261.jpg,49.904632,-98.267802,465.230000,0.031024,0.064570,2.108388
20160430_110750_972485.jpg,49.904488,-98.267558,466.960000,-0.031095,0.046980,2.099438
20160430_110752_662117.jpg,49.904318,-98.267293,468.850000,-0.073175,0.024370,1.970796
20160430_110754_55462.jpg,49.904162,-98.267043,469.840000,-0.094648,0.032165,2.072679
20160430_110756_024054.jpg,49.903977,-98.266779,471.330000,-0.125552,0.012193,2.019882
20160430_110757_558328.jpg,49.903817,-98.266552,472.070000,-0.171560,0.012083,2.097466
20160430_110759_097109.jpg,49.903649,-98.266318,472.340000,-0.162621,0.003902,2.025731
20160430_110800_565683.jpg,49.903497,-98.266116,471.220000,-0.183380,-0.005505,2.034422
20160430_110802_001508.jpg,49.903369,-98.265934,469.430000,-0.207534,-0.019642,2.004846
20160430_110803_54941.jpg,49.903229,-98.265746,466.870000,-0.204768,-0.012429,2.041461
20160430_110805_036972.jpg,49.903087,-98.265555,464.230000,-0.175299,-0.054716,1.992215
20160430_110806_657011.jpg,49.902938,-98.265320,462.800000,-0.125435,-0.020547,1.945542
20160430_110808_09653.jpg,49.902804,-98.265097,462.580000,-0.122890,-0.032121,1.959941
20160430_110809_813285.jpg,49.902670,-98.264867,462.120000,-0.121315,0.010516,1.961636
20160430_110811_303963.jpg,49.902535,-98.264634,461.930000,-0.119147,0.027608,1.947522
20160430_110812_923313.jpg,49.902402,-98.264392,462.440000,-0.116030,0.028255,1.976326
20160430_110814_407938.jpg,49.902275,-98.264181,461.430000,-0.111938,0.000503,1.952846
20160430_110815_954665.jpg,49.902142,-98.263964,459.650000,-0.076954,0.008589,1.985240
20160430_110817_491464.jpg,49.902002,-98.263739,457.630000,-0.058317,0.031362,1.968448
20160430_110818_993377.jpg,49.901843,-98.263490,454.210000,-0.060663,0.004367,1.960010
20160430_110820_553943.jpg,49.901695,-98.263238,451.890000,-0.006264,0.011643,1.937625
20160430_110822_07476.jpg,49.901548,-98.263000,451.070000,0.065474,-0.023393,1.977060
20160430_110824_854352.jpg,49.901277,-98.262601,448.630000,0.094845,-0.040224,1.975446
20160430_110826_29963.jpg,49.901158,-98.262412,447.370000,0.113072,0.001428,1.988217
20160430_110827_816867.jpg,49.901027,-98.262214,446.690000,0.140092,-0.019473,1.969040
20160430_110829_388678.jpg,49.900893,-98.262015,445.480000,0.154939,-0.017632,1.984796
20160430_110830_819872.jpg,49.900780,-98.261850,445.000000,0.185486,-0.065762,1.914903
20160430_110832_480946.jpg,49.900670,-98.261671,444.800000,0.198623,-0.018816,1.865407
20160430_110834_138088.jpg,49.900555,-98.261476,445.100000,0.213900,-0.020715,1.866282
20160430_110835_557077.jpg,49.900459,-98.261306,446.480000,0.205319,0.014401,1.792394
20160430_110837_099138.jpg,49.900365,-98.261141,448.200000,0.198255,0.031852,1.904245
20160430_110838_561346.jpg,49.900262,-98.260975,449.320000,0.175292,-0.031694,1.767063
20160430_110840_151548.jpg,49.900162,-98.260783,450.360000,0.186008,0.052534,1.949022
20160430_110841_622156.jpg,49.900074,-98.260628,451.630000,0.186042,0.005402,1.935292
20160430_110843_103999.jpg,49.899973,-98.260453,452.410000,0.173162,0.001122,1.877107
20160430_110844_762494.jpg,49.899855,-98.260242,453.600000,0.162293,0.039217,1.909693
20160430_110846_215044.jpg,49.899750,-98.260065,455.480000,0.139503,0.036236,1.904587
20160430_110847_902239.jpg,49.899601,-98.259834,460.570000,0.114558,-0.004718,2.089723
20160430_110849_330162.jpg,49.899484,-98.259665,462.890000,0.015048,0.009135,1.956816
20160430_110850_768612.jpg,49.899355,-98.259457,463.570000,0.005699,-0.008458,1.949121
20160430_110852_219605.jpg,49.899230,-98.259250,464.220000,-0.010623,0.109866,2.022715
20160430_110854_53363.jpg,49.898992,-98.258883,465.540000,-0.027066,0.040460,2.122168
20160430_110856_002268.jpg,49.898842,-98.258669,464.780000,-0.016582,-0.023047,1.983658
20160430_110857_506956.jpg,49.898685,-98.258435,464.480000,0.008114,-0.025858,2.051605
20160430_110858_904153.jpg,49.898535,-98.258225,467.030000,0.038564,0.124511,2.112502
20160430_110900_405457.jpg,49.898353,-98.258038,467.180000,0.053299,0.534774,2.388556
20160430_110901_919001.jpg,49.898112,-98.257974,465.770000,0.054677,0.530875,2.940671
20160430_110903_414891.jpg,49.897822,-98.258077,463.840000,0.028636,0.552188,-2.827273
20160430_110904_979382.jpg,49.897549,-98.258358,463.380000,0.076495,0.397658,-2.295621
20160430_110906_536078.jpg,49.897322,-98.258781,462.290000,0.076582,0.750142,-2.049791
20160430_110908_221511.jpg,49.897221,-98.259244,461.380000,0.138305,0.738491,-1.233025
20160430_110909_719429.jpg,49.897300,-98.259645,462.710000,0.105096,0.510497,-0.529573
20160430_110911_147091.jpg,49.897457,-98.259875,462.210000,0.050370,0.331358,-0.105328
20160430_110912_630748.jpg,49.897602,-98.259969,460.850000,0.036136,0.179521,0.167845
20160430_110914_30458.jpg,49.897759,-98.260016,460.610000,0.046724,0.011743,0.295159
20160430_110915_807208.jpg,49.897928,-98.260059,461.400000,0.018562,-0.098928,0.130980
20160430_110917_277718.jpg,49.898099,-98.260144,463.510000,0.060020,-0.115531,0.127624
20160430_110918_983008.jpg,49.898283,-98.260266,465.110000,0.020449,-0.134960,-0.030855
20160430_110920_52121.jpg,49.898468,-98.260432,464.470000,-0.043898,-0.091101,-0.060903
20160430_110922_06169.jpg,49.898639,-98.260605,462.820000,-0.033675,-0.131718,-0.186773
20160430_110923_627062.jpg,49.898818,-98.260821,461.930000,-0.005440,-0.083383,-0.270765
20160430_110927_229078.jpg,49.899261,-98.261453,460.250000,0.028864,-0.045920,-0.405504
20160430_110928_80665.jpg,49.899446,-98.261755,460.830000,0.033783,-0.033608,-0.420149
20160430_110930_45276.jpg,49.899619,-98.262063,461.400000,0.037337,0.000527,-0.448637
20160430_110931_955084.jpg,49.899772,-98.262344,461.120000,0.076378,0.005948,-0.446725
20160430_110933_442876.jpg,49.899920,-98.262619,461.170000,0.090721,0.020662,-0.429317
20160430_110934_949169.jpg,49.900067,-98.262886,462.230000,0.084959,-0.039731,-0.476400
20160430_110936_452727.jpg,49.900201,-98.263142,465.060000,0.023576,0.032328,-0.347859
20160430_110937_964699.jpg,49.900332,-98.263386,467.010000,-0.018475,0.017211,-0.397697
20160430_110939_479066.jpg,49.900478,-98.263646,467.990000,-0.036866,0.072436,-0.341327
20160430_110940_979627.jpg,49.900617,-98.263880,469.320000,-0.086277,-0.000736,-0.427744
20160430_110942_605589.jpg,49.900749,-98.264121,468.580000,-0.109985,0.029095,-0.293088
20160430_110944_234513.jpg,49.900906,-98.264370,468.410000,-0.116148,0.045439,-0.274639
20160430_110945_821709.jpg,49.901071,-98.264613,467.420000,-0.104825,-0.004918,-0.289269
20160430_110947_355802.jpg,49.901263,-98.264880,463.740000,-0.056800,-0.052100,-0.346426
20160430_110949_120789.jpg,49.901446,-98.265130,460.690000,-0.010715,-0.051282,-0.340332
20160430_110950_669158.jpg,49.901673,-98.265446,458.060000,0.045513,-0.043357,-0.349610
20160430_110954_769983.jpg,49.902169,-98.266234,458.140000,0.075923,-0.025098,-0.471396
20160430_110956_453168.jpg,49.902349,-98.266561,457.720000,0.075047,0.024278,-0.492574
20160430_110958_007622.jpg,49.902531,-98.266883,456.390000,0.059539,0.039120,-0.390532
20160430_110959_498184.jpg,49.902707,-98.267174,455.610000,0.117478,0.038643,-0.422648
20160430_111001_054342.jpg,49.902876,-98.267458,455.020000,0.111692,0.003716,-0.440679
20160430_111002_586739.jpg,49.903033,-98.267734,453.560000,0.109782,0.056885,-0.396486
20160430_111004_122655.jpg,49.903191,-98.267999,453.690000,0.111368,0.033872,-0.245864
20160430_111005_693427.jpg,49.903350,-98.268242,458.110000,0.104527,-0.017533,-0.312723
20160430_111007_301423.jpg,49.903492,-98.268468,461.840000,0.043974,0.007502,-0.341183
20160430_111008_938264.jpg,49.903661,-98.268732,466.180000,0.060116,-0.068750,-0.490594
20160430_111010_439638.jpg,49.903779,-98.268951,467.280000,-0.007996,0.006090,-0.350850
20160430_111011_989695.jpg,49.903921,-98.269202,467.840000,-0.024739,-0.031599,-0.421967
20160430_111013_651147.jpg,49.904077,-98.269471,469.590000,-0.050460,0.038252,-0.378316
20160430_111015_200565.jpg,49.904210,-98.269698,468.710000,-0.128931,-0.027208,-0.364568
20160430_111016_771227.jpg,49.904353,-98.269943,468.370000,-0.098238,-0.057393,-0.437778
20160430_111018_311351.jpg,49.904512,-98.270235,468.640000,-0.088803,0.143382,-0.250115
20160430_111019_910624.jpg,49.904694,-98.270514,469.920000,-0.083306,0.018834,-0.400461
20160430_111021_557207.jpg,49.904879,-98.270799,470.310000,-0.137688,0.016606,-0.260521
20160430_111024_430857.jpg,49.905211,-98.271360,469.550000,-0.203771,0.109008,-0.417884
20160430_111026_158899.jpg,49.905431,-98.271713,466.090000,-0.143542,-0.014121,-0.371624
20160430_111027_719061.jpg,49.905612,-98.271992,461.700000,-0.063529,0.046716,-0.359473
20160430_111029_199563.jpg,49.905810,-98.272290,455.310000,-0.040200,0.026961,-0.284134
20160430_111030_787713.jpg,49.905985,-98.272550,451.020000,0.031464,0.025689,-0.294842
20160430_111032_314206.jpg,49.906176,-98.272840,449.900000,0.111981,-0.072485,-0.439142
20160430_111033_85696.jpg,49.906353,-98.273147,451.400000,0.123932,0.032948,-0.429565
20160430_111035_57404.jpg,49.906536,-98.273461,453.300000,0.088352,0.023424,-0.385048
20160430_111037_088414.jpg,49.906691,-98.273716,454.730000,0.082244,0.007131,-0.399884
20160430_111040_133001.jpg,49.907048,-98.274285,456.020000,0.132992,-0.016716,-0.391436
20160430_111041_77264.jpg,49.907241,-98.274602,457.280000,0.139358,0.019650,-0.420141
20160430_111043_448387.jpg,49.907410,-98.274879,458.620000,0.110696,0.018517,-0.317512
20160430_111044_986229.jpg,49.907599,-98.275191,460.470000,0.100843,-0.013948,-0.403039
20160430_111046_786273.jpg,49.907760,-98.275473,463.030000,0.087388,0.021088,-0.434245
20160430_111048_259637.jpg,49.907944,-98.275814,464.740000,-0.001596,-0.006061,-0.508084
20160430_111049_724955.jpg,49.908099,-98.276100,462.910000,0.000412,0.056589,-0.421971
20160430_111051_217148.jpg,49.908254,-98.276356,462.350000,0.021058,0.014051,-0.416897
20160430_111052_786106.jpg,49.908438,-98.276649,462.770000,0.032700,0.006944,-0.402801
20160430_111055_076136.jpg,49.908693,-98.277055,464.610000,0.055047,0.000436,-0.328257
20160430_111056_627792.jpg,49.908857,-98.277325,465.730000,-0.033285,0.018726,-0.416627
20160430_111058_149616.jpg,49.909032,-98.277616,464.860000,-0.021413,0.011831,-0.365644
20160430_111059_713287.jpg,49.909212,-98.277903,464.740000,0.026006,-0.007424,-0.362789
20160430_111101_230126.jpg,49.909370,-98.278169,466.090000,0.007027,0.040611,-0.380118
20160430_111102_817086.jpg,49.909521,-98.278430,466.520000,-0.018063,0.027528,-0.339855
20160430_111104_460719.jpg,49.909679,-98.278694,466.570000,-0.047860,-0.006406,-0.486139
20160430_111105_919781.jpg,49.909834,-98.278963,466.250000,-0.047525,0.026334,-0.384892
20160430_111107_494206.jpg,49.909993,-98.279213,465.380000,-0.049733,0.009327,-0.314208
20160430_111108_987115.jpg,49.910148,-98.279446,465.900000,-0.065533,0.021145,-0.379310
20160430_111110_484297.jpg,49.910300,-98.279689,466.990000,-0.057506,0.027018,-0.384403
20160430_111111_985932.jpg,49.910447,-98.279922,467.560000,-0.117401,-0.001043,-0.268480
20160430_111113_510998.jpg,49.910583,-98.280192,468.320000,-0.073424,-0.640423,-0.706045
20160430_111115_091531.jpg,49.910632,-98.280600,468.720000,-0.050165,-0.597095,-1.201479
20160430_111116_587485.jpg,49.910539,-98.281069,469.460000,-0.086662,-0.503747,-1.800234
20160430_111118_214815.jpg,49.910352,-98.281434,469.100000,-0.158341,-0.294692,-2.227034
20160430_111119_689757.jpg,49.910114,-98.281754,467.270000,-0.170178,-0.148733,-2.499988
20160430_111121_383873.jpg,49.909843,-98.281993,464.130000,-0.087777,-0.661067,-3.082251
20160430_111122_844651.jpg,49.909573,-98.282000,463.890000,-0.007900,-0.547816,2.400946
20160430_111124_519895.jpg,49.909348,-98.281809,463.770000,-0.083271,-0.437895,1.994741
20160430_111125_996926.jpg,49.909225,-98.281568,463.590000,-0.096950,-0.202556,1.711185
20160430_111127_57678.jpg,49.909148,-98.281295,462.820000,-0.133533,-0.135660,1.615666
20160430_111129_494293.jpg,49.909097,-98.281011,460.600000,-0.102362,-0.022851,1.555641
20160430_111131_050404.jpg,49.909051,-98.280666,459.630000,-0.055519,0.076231,1.597991
20160430_111132_72035.jpg,49.908988,-98.280340,459.590000,-0.036281,0.072171,1.571430
20160430_111134_201528.jpg,49.908915,-98.280062,458.860000,-0.027092,0.101339,1.671411
20160430_111135_785737.jpg,49.908814,-98.279775,459.070000,-0.022919,0.101997,1.831281
20160430_111137_456998.jpg,49.908685,-98.279492,459.550000,-0.016182,0.049396,1.918529
20160430_111139_111077.jpg,49.908553,-98.279242,459.520000,-0.014744,0.037741,1.965749
20160430_111140_708036.jpg,49.908408,-98.278993,459.140000,-0.011530,0.022398,1.963317
20160430_111142_188452.jpg,49.908289,-98.278791,458.630000,0.002441,0.007322,1.952855
20160430_111143_697171.jpg,49.908154,-98.278568,458.370000,0.031630,0.010281,1.937653
20160430_111145_257652.jpg,49.908001,-98.278324,457.950000,0.025813,0.047740,2.008537
20160430_111146_728862.jpg,49.907867,-98.278113,459.940000,0.028660,-0.010748,2.034749
20160430_111148_271302.jpg,49.907736,-98.277901,463.490000,-0.023941,0.008790,1.964855
20160430_111149_785957.jpg,49.907595,-98.277679,466.250000,-0.063085,0.000960,2.039747
20160430_111151_481251.jpg,49.907462,-98.277475,467.680000,-0.124707,-0.017549,2.040395
20160430_111153_13666.jpg,49.907316,-98.277247,467.440000,-0.117679,-0.001121,1.942177
20160430_111154_84491.jpg,49.907179,-98.277026,465.320000,-0.101281,0.036128,1.984731
20160430_111156_321632.jpg,49.907023,-98.276797,463.100000,-0.075123,-0.024207,1.993979
20160430_111157_773729.jpg,49.906877,-98.276601,460.880000,-0.059138,-0.028287,2.099943
20160430_111159_332023.jpg,49.906730,-98.276380,461.000000,-0.015390,-0.063291,1.968699
20160430_111200_812117.jpg,49.906595,-98.276152,460.970000,-0.023986,-0.022423,1.989766
20160430_111202_343591.jpg,49.906450,-98.275918,460.910000,-0.018576,-0.046822,1.905234
20160430_111203_85536.jpg,49.906321,-98.275701,461.010000,-0.004103,-0.014081,1.906656
20160430_111205_492.jpg,49.906194,-98.275473,460.370000,0.010128,-0.011060,1.914097
20160430_111207_021121.jpg,49.906077,-98.275279,459.050000,0.016749,0.043668,1.969805
20160430_111210_063444.jpg,49.905823,-98.274899,456.420000,0.054521,-0.008835,1.958811
20160430_111211_579178.jpg,49.905698,-98.274710,455.150000,0.069941,-0.089480,1.934940
20160430_111213_3562.jpg,49.905574,-98.274499,453.800000,0.096824,-0.002944,1.945876
20160430_111214_97474.jpg,49.905455,-98.274285,452.370000,0.118345,-0.007061,1.925662
20160430_111216_511461.jpg,49.905324,-98.274052,451.710000,0.136550,-0.021660,1.855965
20160430_111217_979552.jpg,49.905207,-98.273840,451.920000,0.127135,0.074735,1.942849
20160430_111219_567341.jpg,49.905083,-98.273622,454.200000,0.152949,0.004028,1.994818
20160430_111221_053769.jpg,49.904951,-98.273381,456.300000,0.129154,0.018195,1.916197
20160430_111222_585965.jpg,49.904826,-98.273160,457.630000,0.133393,0.035537,1.912442
20160430_111224_235502.jpg,49.904680,-98.272917,460.580000,0.097318,-0.000008,1.943195
20160430_111225_805418.jpg,49.904541,-98.272701,463.660000,0.076064,-0.036510,1.910457
20160430_111227_336172.jpg,49.904413,-98.272486,464.660000,0.037071,-0.027162,1.929381
20160430_111228_924972.jpg,49.904280,-98.272248,464.280000,0.005349,0.061619,1.942920
20160430_111230_426815.jpg,49.904139,-98.272009,465.950000,0.023705,-0.037941,1.983440
20160430_111231_884335.jpg,49.903994,-98.271769,466.640000,-0.018965,-0.044447,1.822410
20160430_111233_702832.jpg,49.903844,-98.271492,467.100000,-0.046856,0.057752,2.040040
20160430_111235_23717.jpg,49.903682,-98.271233,467.820000,-0.031451,-0.001900,1.954081
20160430_111236_907699.jpg,49.903497,-98.270948,468.080000,-0.088084,-0.068757,1.946963
20160430_111239_466603.jpg,49.903239,-98.270557,464.910000,-0.074423,-0.029725,1.996725
20160430_111240_966089.jpg,49.903091,-98.270332,464.940000,-0.039334,0.007712,2.122716
20160430_111242_454138.jpg,49.902931,-98.270089,465.780000,-0.105816,-0.058698,2.012812
20160430_111243_936469.jpg,49.902772,-98.269834,463.190000,-0.110085,-0.041813,2.008489
20160430_111245_452624.jpg,49.902604,-98.269561,459.770000,-0.050521,0.035963,2.042996
20160430_111247_09357.jpg,49.902396,-98.269232,457.320000,0.033317,-0.037195,2.071857
20160430_111248_573723.jpg,49.902221,-98.268948,456.020000,0.056483,-0.029590,2.029535
20160430_111250_069604.jpg,49.902060,-98.268681,456.100000,0.071960,-0.029025,2.010671
20160430_111251_592725.jpg,49.901903,-98.268420,457.530000,0.073442,0.016582,2.031009
20160430_111254_437977.jpg,49.901619,-98.267963,458.940000,0.050558,-0.014994,1.983724
20160430_111256_088907.jpg,49.901448,-98.267683,458.750000,0.058177,-0.006214,1.966467
20160430_111257_689232.jpg,49.901290,-98.267418,457.510000,0.077745,0.003316,2.009470
20160430_111259_217969.jpg,49.901139,-98.267179,456.560000,0.091062,0.020527,2.014241
20160430_111300_751021.jpg,49.900974,-98.266927,455.850000,0.115255,0.000702,1.990570
20160430_111302_197685.jpg,49.900835,-98.266706,454.700000,0.132553,-0.033702,2.005782
20160430_111303_703153.jpg,49.900695,-98.266477,454.820000,0.181565,-0.042607,1.933014
20160430_111305_447353.jpg,49.900552,-98.266232,455.460000,0.186487,-0.008229,1.999821
20160430_111306_90942.jpg,49.900407,-98.265996,455.300000,0.187457,-0.043767,1.956647
20160430_111309_582489.jpg,49.900180,-98.265599,455.550000,0.202868,-0.037979,1.909840
20160430_111311_032276.jpg,49.900059,-98.265377,455.510000,0.174659,-0.016355,1.835935
20160430_111312_568773.jpg,49.899945,-98.265152,455.980000,0.188378,0.052176,1.923126
20160430_111314_06354.jpg,49.899831,-98.264943,456.580000,0.185956,0.019819,1.938809
20160430_111315_590857.jpg,49.899693,-98.264705,457.790000,0.178506,0.001990,1.937496
20160430_111317_11226.jpg,49.899563,-98.264483,459.170000,0.165520,0.015785,1.950369
20160430_111318_781526.jpg,49.899412,-98.264240,459.600000,0.163882,0.033951,2.049543
20160430_111320_452565.jpg,49.899255,-98.264012,460.280000,0.148712,-0.018546,1.965317
20160430_111321_949317.jpg,49.899129,-98.263826,461.380000,0.124094,-0.000144,1.956072
20160430_111323_56371.jpg,49.898989,-98.263614,460.740000,0.078378,-0.010143,1.961815
20160430_111325_254719.jpg,49.898832,-98.263382,459.830000,0.094031,0.015357,1.998994
20160430_111326_760461.jpg,49.898685,-98.263163,459.490000,0.104902,0.002000,1.928278
20160430_111328_421773.jpg,49.898537,-98.262938,459.140000,0.155416,-0.027183,1.984896
20160430_111329_907108.jpg,49.898417,-98.262756,459.200000,0.122139,-0.054714,1.958901
20160430_111331_466111.jpg,49.898304,-98.262548,460.370000,0.151009,0.059794,1.969040
20160430_111332_954173.jpg,49.898187,-98.262330,463.500000,0.093848,-0.009017,1.781737
20160430_111334_446179.jpg,49.898086,-98.262133,467.460000,0.057863,0.036819,1.850506
20160430_111336_061456.jpg,49.897968,-98.261959,470.170000,-0.028690,0.031962,2.035468
20160430_111337_527294.jpg,49.897841,-98.261804,471.270000,-0.116301,-0.051660,1.884680
20160430_111339_563185.jpg,49.897699,-98.261536,470.670000,-0.136335,0.081610,1.797397
20160430_111341_036125.jpg,49.897590,-98.261339,469.460000,-0.084069,-0.052821,1.684184
20160430_111342_495741.jpg,49.897487,-98.261162,465.750000,-0.097347,0.136967,1.852805
20160430_111344_028848.jpg,49.897350,-98.260959,461.780000,0.005409,-0.018213,2.047048
20160430_111345_545029.jpg,49.897204,-98.260732,460.220000,0.042379,-0.032512,1.974781
20160430_111347_083955.jpg,49.897050,-98.260461,459.380000,0.070197,-0.016804,1.988866
20160430_111348_858189.jpg,49.896878,-98.260196,458.800000,0.103058,0.593165,2.304399
20160430_111350_40493.jpg,49.896592,-98.260066,460.020000,0.154434,0.563254,2.937800
20160430_111351_951491.jpg,49.896304,-98.260144,460.590000,0.125060,0.508828,-2.769601
20160430_111353_494507.jpg,49.896025,-98.260399,460.870000,0.053928,0.391149,-2.367741
20160430_111355_237605.jpg,49.895771,-98.260820,458.820000,0.032483,0.181663,-2.126275
20160430_111356_814523.jpg,49.895596,-98.261223,457.750000,0.123161,0.715333,-2.042095
20160430_111358_290549.jpg,49.895522,-98.261667,459.050000,0.166977,0.696472,-1.259199
20160430_111359_796564.jpg,49.895605,-98.262011,461.740000,0.081462,0.483580,-0.627538
20160430_111401_434924.jpg,49.895769,-98.262240,462.510000,0.003423,0.256064,-0.178649
20160430_111402_984416.jpg,49.895934,-98.262347,463.490000,-0.035185,0.100070,0.090680
20160430_111404_508956.jpg,49.896106,-98.262422,465.560000,-0.028692,0.003664,0.213413
20160430_111405_996051.jpg,49.896281,-98.262492,466.600000,-0.068088,-0.000872,0.095034
20160430_111407_482976.jpg,49.896452,-98.262578,468.560000,-0.083478,-0.138563,-0.045978
20160430_111409_59148.jpg,49.896673,-98.262753,465.800000,-0.084578,0.009193,-0.053201
20160430_111411_120572.jpg,49.896840,-98.262893,462.010000,-0.044249,-0.130927,-0.139332
20160430_111412_587637.jpg,49.897018,-98.263075,458.360000,0.046284,-0.163863,-0.422061
20160430_111414_22146.jpg,49.897203,-98.263339,457.760000,0.082897,0.042619,-0.411129
20160430_111415_70486.jpg,49.897372,-98.263595,458.610000,0.079676,-0.032372,-0.430966
20160430_111417_210556.jpg,49.897536,-98.263861,460.740000,0.085724,-0.063990,-0.532964
20160430_111418_744856.jpg,49.897688,-98.264146,462.520000,0.044947,0.058205,-0.462340
20160430_111420_24238.jpg,49.897851,-98.264437,465.100000,0.011429,-0.022060,-0.461035
20160430_111421_752887.jpg,49.897993,-98.264691,465.940000,-0.013886,0.084223,-0.512769
20160430_111423_313236.jpg,49.898162,-98.264985,465.930000,-0.015490,0.152624,-0.573454
20160430_111424_981808.jpg,49.898335,-98.265264,465.290000,-0.014662,0.025030,-0.462871
20160430_111426_466916.jpg,49.898492,-98.265516,463.450000,-0.014893,0.006293,-0.494081
20160430_111427_927472.jpg,49.898658,-98.265788,462.550000,0.026712,-0.002095,-0.472977
20160430_111429_512158.jpg,49.898811,-98.266033,460.370000,-0.024523,-0.036073,-0.365440
20160430_111431_034844.jpg,49.898976,-98.266283,457.870000,0.026303,-0.037493,-0.402032
20160430_111432_575834.jpg,49.899146,-98.266547,457.100000,0.048420,0.003863,-0.472125
20160430_111434_210495.jpg,49.899335,-98.266859,456.790000,0.060822,0.021841,-0.379112
20160430_111435_892999.jpg,49.899508,-98.267120,458.180000,0.075997,-0.015510,-0.427152
20160430_111437_332239.jpg,49.899688,-98.267397,460.530000,0.051163,0.001039,-0.467185
20160430_111439_651015.jpg,49.899946,-98.267812,462.980000,0.017946,0.022901,-0.440581
20160430_111441_322975.jpg,49.900101,-98.268057,465.230000,0.040299,0.015675,-0.384738
20160430_111443_135361.jpg,49.900278,-98.268354,467.220000,-0.033670,0.044009,-0.381988
20160430_111444_611071.jpg,49.900413,-98.268581,465.920000,-0.041974,-0.005151,-0.386610
20160430_111446_327712.jpg,49.900592,-98.268857,465.030000,-0.001427,0.007940,-0.380699
20160430_111447_936609.jpg,49.900756,-98.269100,463.560000,0.003892,0.011980,-0.430492
20160430_111449_622444.jpg,49.900920,-98.269349,462.950000,0.016613,-0.036646,-0.400272
20160430_111451_190216.jpg,49.901069,-98.269578,463.340000,0.011071,-0.028981,-0.490818
20160430_111454_434125.jpg,49.901409,-98.270107,466.060000,-0.032885,-0.040024,-0.463428
20160430_111456_119493.jpg,49.901574,-98.270375,466.620000,-0.066323,0.028151,-0.386846
20160430_111457_699454.jpg,49.901720,-98.270606,465.010000,-0.059812,0.066532,-0.370863
20160430_111459_19693.jpg,49.901870,-98.270828,464.000000,-0.043419,-0.023389,-0.398919
20160430_111500_807632.jpg,49.902020,-98.271066,462.500000,-0.024742,0.028736,-0.431873
20160430_111502_383682.jpg,49.902189,-98.271336,462.300000,0.003315,0.035875,-0.379797
20160430_111503_853212.jpg,49.902333,-98.271558,462.010000,-0.075971,-0.012483,-0.412525
20160430_111505_339905.jpg,49.902468,-98.271767,460.100000,-0.030726,-0.026290,-0.314318
20160430_111506_902311.jpg,49.902632,-98.272026,461.610000,0.018420,0.028932,-0.297045
20160430_111509_633524.jpg,49.902880,-98.272452,465.200000,-0.020455,0.102418,-0.394175
20160430_111511_169789.jpg,49.902999,-98.272664,464.710000,-0.086880,0.069712,-0.511625
20160430_111512_755985.jpg,49.903128,-98.272881,463.180000,-0.050868,0.002478,-0.269517
20160430_111514_358819.jpg,49.903284,-98.273085,463.250000,-0.014453,-0.018758,-0.303660
20160430_111516_036134.jpg,49.903419,-98.273280,463.260000,-0.077208,0.042416,-0.241764
20160430_111517_637976.jpg,49.903565,-98.273486,465.310000,-0.064317,-0.061027,-0.355267
20160430_111519_169228.jpg,49.903688,-98.273685,466.630000,-0.107778,-0.001156,-0.411758
20160430_111520_947129.jpg,49.903829,-98.273924,467.860000,-0.181086,-0.026235,-0.352238
20160430_111522_441669.jpg,49.903950,-98.274117,466.640000,-0.184470,-0.026282,-0.428697
20160430_111524_022586.jpg,49.904075,-98.274332,467.260000,-0.150255,0.102690,-0.332283
20160430_111525_595572.jpg,49.904207,-98.274547,468.150000,-0.196432,-0.036825,-0.412901
20160430_111527_090375.jpg,49.904328,-98.274739,468.150000,-0.207783,0.008415,-0.322372
20160430_111528_576025.jpg,49.904446,-98.274918,466.500000,-0.238811,-0.011274,-0.228752
20160430_111530_106236.jpg,49.904568,-98.275105,464.680000,-0.160171,-0.012251,-0.281720
20160430_111531_583026.jpg,49.904690,-98.275310,463.290000,-0.148087,-0.020495,-0.434069
20160430_111533_220625.jpg,49.904819,-98.275529,463.310000,-0.111490,0.035419,-0.297968
20160430_111534_697418.jpg,49.904956,-98.275751,462.390000,-0.137513,0.038407,-0.320985
20160430_111536_208814.jpg,49.905080,-98.275941,458.550000,-0.119799,0.030204,-0.336755
20160430_111537_674025.jpg,49.905208,-98.276133,457.230000,-0.081574,-0.034484,-0.382739
20160430_111539_331806.jpg,49.905352,-98.276365,458.030000,-0.070655,0.028258,-0.311707
20160430_111540_969788.jpg,49.905482,-98.276560,457.770000,-0.058066,0.019217,-0.315342
20160430_111542_525007.jpg,49.905634,-98.276784,455.790000,-0.015439,0.012203,-0.256236
20160430_111544_1667.jpg,49.905772,-98.276976,455.110000,0.015169,0.004934,-0.210535
20160430_111545_823478.jpg,49.905931,-98.277197,456.810000,0.014473,-0.008980,-0.329843
20160430_111547_357087.jpg,49.906076,-98.277413,459.960000,0.026137,-0.027829,-0.324446
20160430_111548_906559.jpg,49.906208,-98.277627,463.700000,-0.015018,0.014253,-0.300996
20160430_111550_477032.jpg,49.906325,-98.277821,463.860000,-0.096622,0.013776,-0.267745
20160430_111552_093032.jpg,49.906458,-98.278035,463.430000,-0.077913,0.023972,-0.234139
20160430_111553_596972.jpg,49.906576,-98.278214,463.060000,-0.074689,-0.052328,-0.301846
20160430_111555_0799.jpg,49.906693,-98.278404,463.000000,-0.071119,0.050160,-0.273017
20160430_111556_573749.jpg,49.906802,-98.278570,462.490000,-0.079705,-0.049776,-0.326316
20160430_111558_054195.jpg,49.906917,-98.278757,462.390000,-0.075145,0.019950,-0.347832
20160430_111559_566842.jpg,49.907030,-98.278948,462.080000,-0.070588,0.009627,-0.316787
20160430_111601_087277.jpg,49.907156,-98.279153,462.070000,-0.047560,-0.007740,-0.321982
20160430_111602_591804.jpg,49.907268,-98.279331,461.840000,-0.063565,0.017569,-0.307709
20160430_111604_139916.jpg,49.907398,-98.279533,462.250000,-0.061960,-0.000089,-0.384000
20160430_111605_681602.jpg,49.907519,-98.279722,461.780000,-0.018907,0.032563,-0.315854
20160430_111607_198809.jpg,49.907635,-98.279904,462.710000,-0.004173,0.018065,-0.306701
20160430_111608_757639.jpg,49.907747,-98.280094,463.000000,-0.027616,0.049551,-0.275311
20160430_111610_516602.jpg,49.907863,-98.280280,462.520000,-0.073330,0.017799,-0.296161
20160430_111612_02155.jpg,49.907970,-98.280442,460.320000,-0.078742,0.090222,-0.200584
20160430_111613_50944.jpg,49.908098,-98.280601,459.760000,-0.013617,-0.034423,-0.165869
20160430_111615_041288.jpg,49.908241,-98.280790,458.700000,0.000925,-0.043042,-0.304287
20160430_111616_506529.jpg,49.908377,-98.280982,458.270000,0.033168,-0.032501,-0.255546
20160430_111617_96374.jpg,49.908502,-98.281158,458.480000,0.040643,-0.034274,-0.218150
20160430_111619_453926.jpg,49.908631,-98.281349,459.080000,0.037444,-0.011282,-0.325566
20160430_111620_938978.jpg,49.908754,-98.281546,459.220000,0.085520,-0.035249,-0.299717
20160430_111622_433278.jpg,49.908870,-98.281748,460.030000,0.038976,0.057449,-0.378869
20160430_111625_096346.jpg,49.909088,-98.282138,459.750000,0.026387,0.062048,-0.265754
20160430_111626_858181.jpg,49.909216,-98.282375,462.150000,0.086294,-0.394604,-0.378559
20160430_111628_314319.jpg,49.909286,-98.282691,463.990000,0.110492,-0.503586,-0.999121
20160430_111629_948654.jpg,49.909260,-98.283098,465.220000,0.061660,-0.508644,-1.465479
20160430_111631_432371.jpg,49.909124,-98.283542,467.170000,0.048495,-0.425351,-1.867316
20160430_111632_893569.jpg,49.908906,-98.283936,466.870000,-0.021415,-0.298543,-2.181913
20160430_111634_498266.jpg,49.908655,-98.284260,465.920000,-0.020823,-0.219164,-2.467938
20160430_111636_180539.jpg,49.908331,-98.284488,465.210000,0.058963,-0.719163,3.099169
20160430_111637_687266.jpg,49.908007,-98.284433,465.910000,0.087916,-0.604656,2.360898
20160430_111639_772708.jpg,49.907719,-98.284114,462.820000,0.040230,-0.430203,1.612779
20160430_111641_308894.jpg,49.907639,-98.283854,461.200000,0.020196,-0.231967,1.287916
20160430_111642_894229.jpg,49.907609,-98.283603,461.020000,0.023781,-0.051376,1.196668
20160430_111644_491572.jpg,49.907593,-98.283338,461.210000,0.023333,-0.026842,1.130468
20160430_111646_105043.jpg,49.907577,-98.283063,463.260000,0.014312,0.066499,1.161583
20160430_111647_658917.jpg,49.907549,-98.282828,464.830000,-0.018008,0.114687,1.320920
20160430_111649_327395.jpg,49.907497,-98.282588,466.700000,-0.027567,0.113689,1.269949
20160430_111650_841649.jpg,49.907416,-98.282322,467.690000,-0.082573,0.068508,1.399725
20160430_111652_323545.jpg,49.907334,-98.282111,466.660000,-0.123122,0.096067,1.491058
20160430_111654_68874.jpg,49.907154,-98.281710,464.750000,-0.100329,0.083879,1.545047
20160430_111656_363756.jpg,49.907024,-98.281441,463.160000,-0.044931,0.116488,1.722667
20160430_111657_812542.jpg,49.906875,-98.281182,461.000000,-0.050610,0.086172,1.900042
20160430_111659_479706.jpg,49.906692,-98.280890,460.940000,-0.054467,0.063062,1.895239
20160430_111700_932545.jpg,49.906519,-98.280613,460.290000,-0.069912,0.066875,1.928111
20160430_111702_744109.jpg,49.906338,-98.280342,461.150000,-0.010341,0.011960,1.789853
20160430_111704_239125.jpg,49.906118,-98.280016,463.430000,-0.032507,0.002586,1.967775
20160430_111705_731024.jpg,49.905927,-98.279744,465.870000,-0.098583,0.016871,1.968621
20160430_111707_458258.jpg,49.905749,-98.279485,468.210000,-0.121312,0.029135,1.884108
20160430_111710_492082.jpg,49.905395,-98.279012,470.690000,-0.199130,-0.075616,1.732534
20160430_111712_006011.jpg,49.905242,-98.278779,469.720000,-0.219492,-0.003263,1.754614
20160430_111713_652822.jpg,49.905100,-98.278538,466.980000,-0.167018,0.031707,1.860721
20160430_111715_174431.jpg,49.904949,-98.278295,464.630000,-0.110665,-0.570966,1.770584
20160430_111716_691991.jpg,49.904864,-98.278015,464.930000,-0.015983,-0.400150,1.114644
20160430_111718_178562.jpg,49.904888,-98.277781,467.150000,-0.147180,-0.197814,0.945076
20160430_111719_839758.jpg,49.904944,-98.277584,465.150000,-0.214341,-0.103835,0.824108
20160430_111721_397281.jpg,49.905020,-98.277406,462.090000,-0.182445,-0.064625,0.779488
20160430_111724_636161.jpg,49.905237,-98.277029,453.680000,-0.071188,-0.016938,0.628700
20160430_111726_216263.jpg,49.905350,-98.276863,450.660000,-0.132510,0.017295,0.691180
20160430_111727_972468.jpg,49.905495,-98.276656,449.620000,-0.100034,0.007000,0.635637
20160430_111729_550511.jpg,49.905610,-98.276501,451.380000,-0.054589,-0.008750,0.659085
20160430_111731_077197.jpg,49.905719,-98.276356,451.720000,-0.121739,-0.014203,0.654313
20160430_111732_82628.jpg,49.905819,-98.276224,450.950000,-0.149438,0.007394,0.637748
20160430_111734_349668.jpg,49.905936,-98.276062,452.940000,-0.126002,0.032976,0.600699
20160430_111735_916672.jpg,49.906037,-98.275920,452.200000,-0.224113,-0.069552,0.578718
20160430_111737_614966.jpg,49.906137,-98.275776,451.440000,-0.174903,-0.005937,0.702285
20160430_111739_118747.jpg,49.906234,-98.275633,451.350000,-0.166283,-0.050160,0.669856
20160430_111740_65496.jpg,49.906318,-98.275528,449.030000,-0.188561,0.011156,0.587489
20160430_111742_154686.jpg,49.906397,-98.275438,443.740000,-0.212513,-0.032296,0.542822
20160430_111743_612172.jpg,49.906471,-98.275363,437.870000,-0.172049,0.058008,0.677055
20160430_111745_068581.jpg,49.906547,-98.275273,433.860000,-0.107068,0.005831,0.576355
20160430_111746_682227.jpg,49.906644,-98.275160,432.300000,-0.065377,0.006959,0.641187
20160430_111748_191916.jpg,49.906728,-98.275043,433.080000,-0.061302,-0.010396,0.643630
20160430_111749_652881.jpg,49.906810,-98.274931,432.500000,-0.096090,-0.048167,0.487854
20160430_111751_341651.jpg,49.906911,-98.274811,430.460000,-0.077626,0.029688,0.744664
20160430_111752_926264.jpg,49.906994,-98.274692,426.810000,-0.041851,0.007685,0.745843
20160430_111754_595665.jpg,49.907096,-98.274551,424.030000,0.003629,-0.010637,0.588628
20160430_111756_361412.jpg,49.907188,-98.274441,422.950000,0.024133,-0.000728,0.571524
20160430_111757_9128.jpg,49.907268,-98.274339,422.030000,0.018822,0.003891,0.586187
20160430_111759_431799.jpg,49.907356,-98.274223,421.360000,0.032365,-0.005110,0.591392
20160430_111800_948607.jpg,49.907443,-98.274112,421.030000,0.034587,0.036367,0.573025
20160430_111802_576165.jpg,49.907530,-98.273992,421.080000,0.041349,-0.009618,0.662496
20160430_111804_258397.jpg,49.907619,-98.273857,420.230000,0.019847,-0.003232,0.648241
20160430_111805_841963.jpg,49.907701,-98.273739,419.260000,0.029266,-0.055385,0.576170
20160430_111807_482897.jpg,49.907808,-98.273609,417.780000,0.024414,-0.015035,0.574275
20160430_111809_441462.jpg,49.907927,-98.273467,416.350000,0.042464,-0.004310,0.613419
20160430_111811_006864.jpg,49.908025,-98.273350,415.620000,0.038394,0.007608,0.620080
20160430_111812_554234.jpg,49.908131,-98.273225,415.630000,0.041852,-0.020246,0.601213
20160430_111814_247319.jpg,49.908227,-98.273109,415.090000,0.009839,0.009091,0.648032
20160430_111815_77887.jpg,49.908316,-98.272993,414.410000,-0.008531,-0.010255,0.581529
20160430_111817_692028.jpg,49.908430,-98.272864,413.730000,-0.005170,0.032068,0.633364
20160430_111819_296274.jpg,49.908539,-98.272731,411.710000,-0.009133,-0.006379,0.625663
20160430_111820_847334.jpg,49.908639,-98.272613,410.060000,-0.016195,-0.003594,0.608925
20160430_111822_453436.jpg,49.908744,-98.272499,408.430000,-0.002489,0.033983,0.629797
20160430_111823_97393.jpg,49.908840,-98.272388,405.980000,0.001778,-0.028519,0.602539
20160430_111825_618421.jpg,49.908940,-98.272276,403.760000,0.018820,0.017784,0.578253
20160430_111827_257387.jpg,49.909046,-98.272159,402.090000,0.035351,0.019149,0.583633
20160430_111829_035232.jpg,49.909149,-98.272040,401.180000,0.031721,0.020436,0.588600
20160430_111830_479402.jpg,49.909239,-98.271931,397.530000,-0.202703,0.072022,0.585795
20160430_111832_038917.jpg,49.909322,-98.271811,390.130000,-0.237434,0.061686,0.675022
20160430_111833_580377.jpg,49.909396,-98.271676,383.360000,-0.138180,0.132759,0.705403
20160430_111835_200734.jpg,49.909469,-98.271513,377.830000,-0.151739,0.291871,0.702632
20160430_111836_749551.jpg,49.909521,-98.271297,372.730000,-0.159685,0.297329,1.029912
20160430_111838_267037.jpg,49.909537,-98.271027,369.140000,-0.159557,0.246410,1.201589
20160430_111840_411522.jpg,49.909524,-98.270586,361.010000,-0.211050,-0.054352,1.192851
20160430_111841_891235.jpg,49.909529,-98.270294,356.960000,-0.125671,-0.108302,1.151224
20160430_111843_55287.jpg,49.909550,-98.269963,353.190000,-0.040832,-0.102383,1.052885
20160430_111845_112242.jpg,49.909577,-98.269701,351.310000,-0.016149,-0.050754,1.095736
20160430_111846_689017.jpg,49.909619,-98.269453,347.210000,-0.212821,-0.476864,0.858290
20160430_111848_357221.jpg,49.909730,-98.269285,339.690000,-0.228524,-0.282164,0.522402
20160430_111850_038486.jpg,49.909905,-98.269185,331.230000,-0.241181,0.245846,0.283125
20160430_111851_61618.jpg,49.910072,-98.269061,323.840000,-0.228977,-0.048606,0.477380
20160430_111853_140264.jpg,49.910235,-98.268944,317.820000,-0.135977,-0.090717,0.447359
20160430_111854_839137.jpg,49.910422,-98.268832,312.430000,-0.154823,0.049868,0.470567
20160430_111856_66043.jpg,49.910622,-98.268700,305.910000,-0.134490,-0.055177,0.459776
20160430_111858_319325.jpg,49.910816,-98.268581,301.770000,-0.025351,0.079195,0.396819
20160430_111859_870345.jpg,49.910971,-98.268449,299.480000,-0.021490,0.642808,0.767490
20160430_111901_41971.jpg,49.911016,-98.268160,298.200000,0.077100,0.833415,1.533771
20160430_111902_920553.jpg,49.910874,-98.267887,299.820000,0.232173,0.626461,2.372633
20160430_111904_552464.jpg,49.910618,-98.267827,301.900000,0.128458,0.767462,-3.076531
20160430_111906_152661.jpg,49.910330,-98.268074,300.600000,0.021149,0.638756,-2.189884
20160430_111907_777813.jpg,49.910194,-98.268483,298.070000,-0.078922,0.308340,-1.496701
20160430_111910_538252.jpg,49.910157,-98.269242,295.620000,0.052623,0.062364,-1.276401
20160430_111912_176827.jpg,49.910157,-98.269679,297.150000,0.084215,0.065587,-1.156550
20160430_111913_760034.jpg,49.910173,-98.270097,298.680000,0.081876,0.368158,-1.206575
20160430_111915_348293.jpg,49.910236,-98.270455,299.310000,0.076247,0.690178,-0.786596
20160430_111917_001521.jpg,49.910392,-98.270729,296.360000,-0.088428,0.623810,-0.062166
20160430_111918_571749.jpg,49.910577,-98.270772,292.390000,-0.118120,0.522167,0.428258
20160430_111920_19172.jpg,49.910752,-98.270637,289.090000,-0.173932,0.378727,0.754953
20160430_111921_746467.jpg,49.910894,-98.270383,284.530000,-0.165596,0.089140,1.065365
20160430_111923_397715.jpg,49.911003,-98.270071,280.810000,-0.130786,0.246328,1.125414
20160430_111925_046886.jpg,49.911080,-98.269730,276.360000,-0.170162,-0.023101,1.131548
20160430_111926_677159.jpg,49.911128,-98.269418,271.130000,-0.147312,0.019411,1.255072
20160430_111928_266082.jpg,49.911163,-98.269115,267.230000,0.035105,-0.155907,1.111103
20160430_111929_84039.jpg,49.911217,-98.268854,266.560000,-0.024178,0.017557,1.014794
20160430_111931_329797.jpg,49.911262,-98.268633,265.690000,-0.011381,0.204695,1.136201
20160430_111932_744574.jpg,49.911280,-98.268448,265.100000,0.014859,0.024044,1.211184
20160430_111934_371726.jpg,49.911319,-98.268331,264.890000,0.006240,-0.008343,0.398332
20160430_111936_113216.jpg,49.911389,-98.268336,264.520000,-0.028172,-0.014990,-0.621314
20160430_111937_497226.jpg,49.911414,-98.268457,263.820000,-0.004721,-0.078796,-0.996166
20160430_111939_646422.jpg,49.911408,-98.268587,263.690000,0.102498,-0.018966,-0.839566
20160430_111941_109493.jpg,49.911403,-98.268648,264.360000,0.098483,0.014630,-0.796652
20160430_111942_681662.jpg,49.911394,-98.268730,264.490000,0.041402,0.065062,-0.682811
20160430_111944_111365.jpg,49.911389,-98.268779,264.630000,-0.020393,0.091316,-0.542778
20160430_111945_651131.jpg,49.911405,-98.268779,264.650000,-0.056832,0.144292,-0.542315
20160430_112448_85036.jpg,49.911408,-98.268795,261.060000,0.007251,0.016354,-1.735151
20160430_112450_488044.jpg,49.911406,-98.268797,260.870000,0.005805,0.012905,-1.736915
20160430_112452_08509.jpg,49.911406,-98.268799,260.800000,0.004872,0.010475,-1.737836
20160430_112453_456353.jpg,49.911404,-98.268800,260.770000,0.006106,0.002359,-1.742802
20160430_112454_830442.jpg,49.911403,-98.268801,260.700000,0.007758,0.014627,-1.740870
20160430_112456_389637.jpg,49.911403,-98.268800,260.550000,0.010347,0.014046,-1.743423
20160430_112457_787731.jpg,49.911403,-98.268798,260.480000,0.007097,0.011024,-1.750340
20160430_112459_245269.jpg,49.911403,-98.268799,260.430000,0.007825,0.014635,-1.747147
20160430_112500_687785.jpg,49.911406,-98.268793,260.540000,0.018522,0.022423,-1.749454
20160430_112502_034648.jpg,49.911407,-98.268792,260.540000,-0.000506,0.013603,-1.750499
20160430_112503_480213.jpg,49.911406,-98.268797,260.550000,0.000618,0.003545,-1.746277
20160430_112506_344197.jpg,49.911402,-98.268806,260.920000,0.045020,-0.000427,-1.751205
20160430_112507_794524.jpg,49.911395,-98.268773,261.510000,0.180686,-0.016721,-1.972006
20160430_112509_221299.jpg,49.911399,-98.268620,264.800000,0.576522,0.022110,-2.337661
20160430_112510_93871.jpg,49.911445,-98.268163,271.350000,0.831030,-0.217551,-2.251081
20160430_112512_603293.jpg,49.911477,-98.267803,281.540000,0.673059,0.044232,-2.239966
20160430_112514_16604.jpg,49.911522,-98.267521,291.980000,0.544255,0.032664,-2.104212
20160430_112515_862993.jpg,49.911294,-98.267794,301.600000,0.509598,-0.212394,-2.071776
20160430_112517_53317.jpg,49.911234,-98.267671,309.960000,0.401930,-0.287938,-2.206797
20160430_112519_078695.jpg,49.911257,-98.267563,355.490000,0.242408,-0.197408,1.670320
20160430_112520_667483.jpg,49.911235,-98.267314,360.060000,0.261969,0.471284,1.926994
20160430_112522_142337.jpg,49.911111,-98.267229,308.230000,-0.173586,0.668018,-2.169413
20160430_112523_603104.jpg,49.910851,-98.267254,320.460000,0.177745,0.245409,-1.763016
20160430_112525_143666.jpg,49.910557,-98.267989,363.290000,0.187797,0.960367,-1.635839
20160430_112526_686261.jpg,49.910373,-98.267219,344.970000,0.606645,0.147051,-0.517932
20160430_112528_397282.jpg,49.910498,-98.268423,377.420000,0.397934,0.157354,-0.562339
20160430_112529_957677.jpg,49.910257,-98.268914,390.500000,0.647375,-0.069902,-0.647492
20160430_112531_541049.jpg,49.910182,-98.269493,391.350000,0.374165,-0.230267,-0.995898
20160430_112533_147937.jpg,49.910234,-98.270099,390.790000,0.237264,-0.358720,-1.125845
20160430_112534_827926.jpg,49.910364,-98.270581,350.510000,0.420253,-0.189341,-0.409534
20160430_112536_605717.jpg,49.910253,-98.271148,361.510000,0.633648,-0.750071,-1.448021
20160430_112538_230204.jpg,49.910036,-98.271437,369.930000,0.479663,-1.246280,-2.471865
20160430_112539_86581.jpg,49.909704,-98.271571,370.620000,-0.046113,-0.581626,2.244786
20160430_112541_4635.jpg,49.909479,-98.271257,374.480000,0.208347,-0.232756,1.771074
20160430_112542_966519.jpg,49.909384,-98.270996,380.030000,0.403658,-0.042211,1.675328
20160430_112544_507523.jpg,49.909307,-98.270745,386.780000,0.384795,0.066098,1.699619
20160430_112546_076359.jpg,49.909236,-98.270524,397.610000,0.214930,0.057810,1.850228
20160430_112547_897728.jpg,49.909157,-98.270291,401.500000,0.162820,-0.058706,1.839329
20160430_112549_412204.jpg,49.909111,-98.270025,409.250000,0.215704,-0.365192,1.506574
20160430_112550_982877.jpg,49.909153,-98.269803,412.200000,0.150440,-0.082200,1.182692
20160430_112552_451648.jpg,49.909233,-98.269594,412.460000,-0.070592,-0.183679,1.193069
20160430_112553_983335.jpg,49.909326,-98.269371,411.760000,0.054151,0.325319,0.970494
20160430_112555_52733.jpg,49.909391,-98.269121,414.460000,-0.002680,0.020599,1.215907
20160430_112557_120188.jpg,49.909428,-98.268869,417.150000,0.054425,0.064939,1.214019
20160430_112558_875923.jpg,49.909462,-98.268590,424.810000,0.081325,-0.091196,1.244541
20160430_112600_46438.jpg,49.909508,-98.268319,432.280000,0.138124,-0.016260,1.187824
20160430_112602_03504.jpg,49.909548,-98.268095,436.940000,0.130239,0.122098,1.208227
20160430_112603_607769.jpg,49.909572,-98.267866,442.720000,0.254041,0.003721,1.294474
20160430_112605_1308.jpg,49.909605,-98.267658,444.090000,-0.202498,-0.328307,1.173936
20160430_112607_374958.jpg,49.909730,-98.267445,433.260000,-0.170904,-0.263872,0.755867
20160430_112608_934603.jpg,49.909911,-98.267384,429.290000,-0.051919,-0.174917,0.375511
20160430_112610_484822.jpg,49.910105,-98.267412,428.780000,-0.019563,-0.008923,0.216224
20160430_112611_945636.jpg,49.910298,-98.267458,428.950000,-0.026075,0.048325,0.135523
20160430_112613_57364.jpg,49.910501,-98.267465,429.870000,0.006948,0.847477,0.400779
20160430_112615_109375.jpg,49.910618,-98.267251,428.260000,-0.128718,0.666100,1.190978
20160430_112616_700139.jpg,49.910557,-98.266862,423.920000,-0.029722,0.709109,1.780016
20160430_112618_28032.jpg,49.910308,-98.266638,424.500000,0.227800,0.808638,2.734280
20160430_112621_55828.jpg,49.909734,-98.267247,429.940000,-0.114354,0.586267,-1.775848
20160430_112623_132675.jpg,49.909635,-98.267847,424.820000,-0.079280,0.314559,-1.457527
20160430_112624_693362.jpg,49.909667,-98.268405,425.040000,0.141844,0.781802,-0.845616
20160430_112626_236454.jpg,49.909843,-98.268730,429.960000,0.124363,0.553341,-0.246678
20160430_112627_727325.jpg,49.910009,-98.268846,430.530000,-0.008877,0.451835,0.106104
20160430_112629_238141.jpg,49.910194,-98.268852,428.580000,-0.040146,0.310353,0.351680
20160430_112630_780078.jpg,49.910354,-98.268772,426.400000,-0.022471,0.202542,0.560034
20160430_112632_295224.jpg,49.910505,-98.268621,425.450000,-0.015151,0.105236,0.699200
20160430_112633_952943.jpg,49.910633,-98.268468,424.340000,-0.003883,0.100673,0.761731
20160430_112636_739941.jpg,49.910854,-98.268121,423.010000,0.014559,0.034162,0.994545
20160430_112638_303149.jpg,49.910936,-98.267937,425.920000,-0.005047,0.032983,0.945411
20160430_112639_788528.jpg,49.911025,-98.267765,427.650000,0.037690,-0.402693,0.920948
20160430_112641_376845.jpg,49.911177,-98.267658,429.150000,0.019066,-0.467358,0.435965
20160430_112643_046595.jpg,49.911398,-98.267729,430.770000,-0.061233,-0.190312,-0.099099
20160430_112644_648888.jpg,49.911629,-98.267899,433.100000,0.084884,0.332563,-0.081800
20160430_112646_193743.jpg,49.911845,-98.267980,437.150000,0.172473,0.647858,0.160270
20160430_112647_798867.jpg,49.912024,-98.267958,438.830000,-0.052461,-0.519966,0.292452
20160430_112649_467417.jpg,49.912252,-98.268093,438.140000,0.015728,-0.528402,-0.180928
20160430_112651_031263.jpg,49.912426,-98.268410,438.310000,0.019067,-0.639975,-0.875144
20160430_112652_5731.jpg,49.912498,-98.268921,437.790000,-0.043139,-0.421771,-1.303047
20160430_112654_269367.jpg,49.912472,-98.269547,438.100000,-0.031412,-0.268359,-1.613038
20160430_112655_762873.jpg,49.912393,-98.270121,438.090000,-0.010837,-0.145295,-1.778273
20160430_112657_427024.jpg,49.912260,-98.270773,435.710000,0.004656,-0.105778,-1.904831
20160430_112658_985558.jpg,49.912118,-98.271325,434.350000,0.018266,-0.037703,-1.940224
20160430_112700_728248.jpg,49.911971,-98.271855,433.940000,0.043213,-0.009734,-1.969627
20160430_112702_235485.jpg,49.911799,-98.272429,433.780000,0.039248,-0.005896,-1.989554
20160430_112703_990093.jpg,49.911604,-98.273052,434.570000,0.047957,0.021911,-1.986915
20160430_112705_697668.jpg,49.911457,-98.273539,434.840000,0.058852,0.017431,-1.991544
20160430_112707_178205.jpg,49.911292,-98.274088,434.540000,0.064589,0.001180,-1.989485
20160430_112708_638597.jpg,49.911156,-98.274532,434.900000,0.077454,0.010943,-1.980724
20160430_112710_337341.jpg,49.911015,-98.275001,435.810000,0.075043,0.018026,-1.974933
20160430_112711_865424.jpg,49.910867,-98.275496,437.450000,0.080472,0.028990,-2.007318
20160430_112713_354956.jpg,49.910726,-98.275956,438.970000,0.050874,0.020453,-1.995015
20160430_112714_863621.jpg,49.910564,-98.276492,441.990000,0.015289,0.095952,-1.971748
20160430_112716_349717.jpg,49.910445,-98.276926,446.360000,0.023124,-0.092233,-2.024857
20160430_112718_039658.jpg,49.910266,-98.277539,450.010000,0.021494,-0.015253,-2.029855
20160430_112719_550728.jpg,49.910117,-98.278052,449.480000,-0.007884,0.006072,-1.987019
20160430_112721_093699.jpg,49.909966,-98.278573,449.800000,0.003709,-0.023435,-2.009022
20160430_112722_739734.jpg,49.909795,-98.279160,451.050000,-0.005815,0.018597,-1.992207
20160430_112724_3306.jpg,49.909656,-98.279645,450.970000,-0.022604,0.000991,-1.958433
20160430_112725_760617.jpg,49.909494,-98.280221,451.520000,-0.023520,-0.007183,-1.921636
20160430_112727_302798.jpg,49.909338,-98.280781,454.140000,0.008319,-0.030328,-1.949132
20160430_112728_805212.jpg,49.909175,-98.281341,457.430000,-0.012016,0.006444,-1.940624
20160430_112730_401096.jpg,49.909007,-98.281914,458.640000,-0.032610,-0.035544,-1.987065
20160430_112731_943594.jpg,49.908852,-98.282437,457.670000,-0.043814,0.015634,-1.959092
20160430_112733_484777.jpg,49.908689,-98.282992,456.610000,-0.031836,-0.024940,-1.979388
20160430_112735_165686.jpg,49.908513,-98.283585,455.910000,-0.002259,-0.443795,-1.958518
20160430_112736_832789.jpg,49.908253,-98.284083,457.080000,0.100173,-0.768061,-2.769104
20160430_112738_415547.jpg,49.907925,-98.284236,459.870000,0.059293,-0.670811,2.824120
20160430_112740_024285.jpg,49.907660,-98.284164,460.460000,-0.018166,-0.591455,2.271318
20160430_112741_592978.jpg,49.907457,-98.283937,459.110000,-0.038453,-0.415581,1.857806
20160430_112743_231028.jpg,49.907346,-98.283664,457.430000,-0.040885,-0.249240,1.588923
20160430_112744_770913.jpg,49.907284,-98.283352,456.110000,-0.040763,-0.162778,1.448464
20160430_112746_493152.jpg,49.907258,-98.283000,454.180000,-0.030473,-0.015633,1.390287
20160430_112748_194485.jpg,49.907241,-98.282663,452.740000,0.001397,0.096109,1.399244
20160430_112749_783777.jpg,49.907211,-98.282362,452.270000,-0.007134,0.118555,1.485816
20160430_112751_642645.jpg,49.907147,-98.281964,455.430000,0.014969,0.161357,1.638333
20160430_112753_147982.jpg,49.907060,-98.281657,459.040000,-0.013783,0.134444,1.715130
20160430_112754_901358.jpg,49.906925,-98.281296,460.110000,-0.097437,0.098250,1.770845
20160430_112756_396538.jpg,49.906796,-98.281011,457.330000,-0.087692,0.108548,1.852287
20160430_112757_910889.jpg,49.906622,-98.280703,457.060000,-0.022182,0.112399,1.975821
20160430_112759_426106.jpg,49.906416,-98.280392,456.630000,-0.006028,0.034917,2.015530
20160430_112801_130877.jpg,49.906209,-98.280087,455.910000,-0.025118,0.036991,2.060237
20160430_112802_790232.jpg,49.905996,-98.279803,454.750000,-0.034730,-0.000426,2.060330
20160430_112804_31112.jpg,49.905793,-98.279537,453.990000,0.025972,-0.031722,2.035176
20160430_112807_603043.jpg,49.905407,-98.279003,453.970000,0.021832,-0.033708,1.984765
20160430_112809_198718.jpg,49.905234,-98.278750,454.290000,0.020866,-0.014637,1.948714
20160430_112810_669218.jpg,49.905067,-98.278497,453.740000,0.014534,-0.018653,1.924796
20160430_112812_182924.jpg,49.904919,-98.278268,453.090000,0.030527,-0.022179,1.932231
20160430_112813_835214.jpg,49.904757,-98.278017,452.660000,0.043948,-0.030544,1.915897
20160430_112815_470787.jpg,49.904587,-98.277730,452.610000,0.028523,0.007931,1.889710
20160430_112816_958804.jpg,49.904430,-98.277454,453.570000,0.038041,0.026779,1.894339
20160430_112818_615289.jpg,49.904268,-98.277181,453.620000,0.037244,0.005087,1.895623
20160430_112820_117625.jpg,49.904112,-98.276922,454.110000,0.035923,0.021570,1.921463
20160430_112821_693282.jpg,49.903954,-98.276666,454.420000,0.029760,0.011508,1.929602
20160430_112823_380006.jpg,49.903749,-98.276340,455.110000,0.026756,0.023633,1.929106
20160430_112825_097192.jpg,49.903568,-98.276045,456.050000,0.016526,0.015623,1.883621
20160430_112826_685887.jpg,49.903409,-98.275779,456.410000,0.014603,0.016035,1.955527
20160430_112828_189501.jpg,49.903239,-98.275509,456.320000,0.015887,-0.000041,1.957149
20160430_112829_705419.jpg,49.903066,-98.275239,456.550000,0.018998,0.006923,1.971858
20160430_112831_245524.jpg,49.902884,-98.274954,456.850000,0.009695,0.015979,1.981189
20160430_112832_864811.jpg,49.902700,-98.274665,456.900000,0.014046,0.000144,1.945942
20160430_112834_418594.jpg,49.902528,-98.274389,457.200000,0.003321,0.010396,1.980910
20160430_112836_704971.jpg,49.902243,-98.273956,457.830000,-0.000178,-0.012875,1.969699
20160430_112838_28212.jpg,49.902067,-98.273684,458.160000,-0.000441,-0.009477,1.967099
20160430_112839_786058.jpg,49.901895,-98.273414,458.150000,-0.012107,-0.049280,1.949938
20160430_112841_262472.jpg,49.901716,-98.273124,459.030000,-0.023045,0.007759,1.965861
20160430_112842_821582.jpg,49.901558,-98.272879,458.860000,-0.018760,-0.016550,1.971353
20160430_112844_370009.jpg,49.901378,-98.272593,458.160000,-0.013272,-0.003096,1.973115
20160430_112845_837696.jpg,49.901210,-98.272326,457.910000,-0.026153,0.033570,1.971439
20160430_112847_469379.jpg,49.901027,-98.272036,459.270000,-0.023381,0.003843,1.946507
20160430_112848_953106.jpg,49.900857,-98.271755,459.560000,-0.041413,0.009468,1.952739
20160430_112851_841584.jpg,49.900506,-98.271186,459.890000,-0.073313,0.033447,1.982611
20160430_112853_446463.jpg,49.900305,-98.270860,458.770000,-0.066177,0.021671,1.998024
20160430_112855_101024.jpg,49.900083,-98.270518,459.430000,-0.063644,0.018331,2.029841
20160430_112856_680614.jpg,49.899885,-98.270219,461.120000,-0.088571,-0.082393,2.048703
20160430_112858_380491.jpg,49.899652,-98.269857,462.820000,-0.082132,-0.006261,1.951804
20160430_112859_960391.jpg,49.899461,-98.269556,462.350000,-0.093115,0.030192,1.967549
20160430_112901_433139.jpg,49.899269,-98.269261,461.020000,-0.094232,0.011167,2.005309
20160430_112902_912041.jpg,49.899075,-98.268960,459.730000,-0.074355,-0.033242,2.006308
20160430_112904_456577.jpg,49.898875,-98.268657,457.330000,-0.060778,-0.012958,2.029970
20160430_112906_911391.jpg,49.898551,-98.268137,454.330000,-0.034349,0.020148,2.015166
20160430_112908_644121.jpg,49.898332,-98.267793,454.350000,-0.012103,-0.010724,1.996728
20160430_112910_207523.jpg,49.898131,-98.267481,454.950000,-0.003461,-0.019062,1.991179
20160430_112911_72348.jpg,49.897950,-98.267204,454.570000,-0.010379,-0.008650,1.960755
20160430_112913_261545.jpg,49.897780,-98.266938,453.350000,-0.005515,0.002710,1.974948
20160430_112914_751463.jpg,49.897607,-98.266683,453.140000,0.018289,-0.033292,1.960890
20160430_112916_264678.jpg,49.897442,-98.266437,453.710000,0.005809,-0.029660,1.896075
20160430_112917_898385.jpg,49.897269,-98.266163,454.220000,-0.004966,-0.067850,1.908522
20160430_112919_452527.jpg,49.897114,-98.265914,454.940000,-0.010278,0.054203,1.902551
20160430_112921_819494.jpg,49.896865,-98.265495,454.220000,-0.010353,0.011855,1.937072
20160430_112923_532992.jpg,49.896684,-98.265186,453.980000,-0.001759,-0.045906,1.783960
20160430_112925_112938.jpg,49.896529,-98.264920,453.930000,0.008638,0.009011,1.930836
20160430_112926_634897.jpg,49.896360,-98.264649,453.230000,0.009939,-0.007279,1.909969
20160430_112928_184521.jpg,49.896205,-98.264390,452.270000,0.018478,0.005493,1.908038
20160430_112929_873312.jpg,49.896035,-98.264115,451.710000,0.036401,0.000877,1.944590
20160430_112931_482604.jpg,49.895854,-98.263830,451.620000,0.033061,-0.009652,1.937462
20160430_112933_147072.jpg,49.895688,-98.263558,451.770000,0.034390,0.044071,1.953586
20160430_112934_704951.jpg,49.895516,-98.263288,453.050000,0.044180,0.023456,1.930293
20160430_112937_60544.jpg,49.895178,-98.262832,453.560000,0.069363,0.625984,2.219553
20160430_112939_174992.jpg,49.894877,-98.262766,455.010000,0.109125,0.611331,3.041705
20160430_112940_894202.jpg,49.894545,-98.262943,457.720000,0.035590,0.523792,-2.514949
20160430_112942_479335.jpg,49.894254,-98.263298,459.070000,-0.000772,0.241352,-2.307647
20160430_112943_966211.jpg,49.894009,-98.263780,459.650000,0.056020,0.778319,-1.800685
20160430_112945_575403.jpg,49.893982,-98.264259,463.260000,0.080174,0.628239,-1.009049
20160430_112947_081553.jpg,49.894067,-98.264586,464.590000,-0.057142,0.548545,-0.622954
20160430_112948_628729.jpg,49.894226,-98.264847,463.620000,-0.088247,0.315797,-0.287845
20160430_112950_194067.jpg,49.894410,-98.265001,461.110000,-0.090283,0.218005,0.009336
20160430_112952_664947.jpg,49.894755,-98.265145,458.630000,-0.061992,-0.045016,0.066432
20160430_112954_198099.jpg,49.894975,-98.265236,458.230000,-0.042091,-0.060303,0.057268
20160430_112955_695488.jpg,49.895182,-98.265344,457.580000,-0.051069,-0.123239,-0.026988
20160430_112957_484819.jpg,49.895371,-98.265471,456.520000,-0.036243,-0.133936,-0.117938
20160430_112959_07337.jpg,49.895619,-98.265692,455.990000,-0.013613,-0.112258,-0.240656
20160430_113000_65153.jpg,49.895811,-98.265915,455.290000,-0.018418,-0.083248,-0.312041
20160430_113002_324834.jpg,49.895993,-98.266161,454.020000,-0.013105,-0.061650,-0.378496
20160430_113003_80192.jpg,49.896168,-98.266424,452.840000,-0.003475,-0.042439,-0.410030
20160430_113005_342074.jpg,49.896331,-98.266678,452.310000,0.015183,-0.047335,-0.410585
20160430_113006_888137.jpg,49.896488,-98.266940,451.600000,0.011754,-0.028364,-0.439080
20160430_113008_502973.jpg,49.896664,-98.267245,451.710000,0.025613,0.012833,-0.431157
20160430_113010_059639.jpg,49.896818,-98.267508,452.410000,0.034008,0.014584,-0.502765
20160430_113011_652144.jpg,49.896974,-98.267779,454.670000,0.110073,0.026522,-0.448921
20160430_113013_198336.jpg,49.897112,-98.268030,458.000000,0.033632,0.027122,-0.416271
20160430_113014_81415.jpg,49.897249,-98.268262,459.060000,0.041123,0.011624,-0.369641
20160430_113016_407427.jpg,49.897404,-98.268518,460.290000,0.005561,0.042484,-0.329845
20160430_113017_916401.jpg,49.897544,-98.268737,460.040000,0.000886,-0.014391,-0.398045
20160430_113019_424792.jpg,49.897684,-98.268960,459.990000,-0.000938,-0.014972,-0.398349
20160430_113021_131382.jpg,49.897825,-98.269183,459.510000,-0.018851,0.040867,-0.324837
20160430_113022_624225.jpg,49.898002,-98.269436,458.840000,-0.000188,-0.003636,-0.393197
20160430_113024_361647.jpg,49.898182,-98.269691,458.790000,0.024893,-0.022140,-0.389380
20160430_113025_830167.jpg,49.898367,-98.269954,459.090000,0.023476,0.010611,-0.396372
20160430_113027_631682.jpg,49.898578,-98.270265,460.970000,0.024115,-0.021436,-0.370326
20160430_113029_175963.jpg,49.898750,-98.270532,461.610000,0.000012,0.007391,-0.378761
20160430_113030_718382.jpg,49.898913,-98.270799,462.300000,-0.020212,-0.003757,-0.433852
20160430_113032_268183.jpg,49.899085,-98.271095,462.120000,-0.019433,0.051271,-0.479234
20160430_113033_937696.jpg,49.899248,-98.271369,459.770000,-0.010274,-0.016320,-0.479697
20160430_113035_440137.jpg,49.899411,-98.271623,458.000000,0.030316,-0.003713,-0.492805
20160430_113037_021641.jpg,49.899586,-98.271899,456.660000,0.042799,-0.022900,-0.422431
20160430_113038_520731.jpg,49.899747,-98.272149,456.040000,0.058164,0.011736,-0.357100
20160430_113040_026595.jpg,49.899892,-98.272379,454.770000,0.070188,-0.031511,-0.407362
20160430_113041_595424.jpg,49.900064,-98.272672,454.570000,0.100081,-0.016466,-0.472944
20160430_113043_090306.jpg,49.900214,-98.272927,454.310000,0.101177,0.035346,-0.339948
20160430_113044_632032.jpg,49.900366,-98.273163,456.220000,0.082124,0.006908,-0.413225
20160430_113046_192327.jpg,49.900523,-98.273418,458.850000,0.055995,0.011490,-0.393532
20160430_113047_765461.jpg,49.900669,-98.273655,460.060000,0.040401,-0.017232,-0.433166
20160430_113049_33655.jpg,49.900832,-98.273912,461.030000,0.042705,-0.029797,-0.411999
20160430_113050_910078.jpg,49.900995,-98.274172,462.290000,0.023070,0.009121,-0.406910
20160430_113052_528733.jpg,49.901143,-98.274415,461.950000,0.055822,-0.010102,-0.407556
20160430_113054_057215.jpg,49.901297,-98.274680,461.340000,0.011444,0.016668,-0.437275
20160430_113055_74194.jpg,49.901467,-98.274969,459.860000,0.026121,0.025874,-0.419546
20160430_113057_257272.jpg,49.901624,-98.275225,459.150000,0.031560,0.004391,-0.387310
20160430_113058_765284.jpg,49.901786,-98.275481,458.300000,0.050021,0.004908,-0.419379
20160430_113100_361417.jpg,49.901959,-98.275756,457.760000,0.064973,0.025375,-0.402539
20160430_113101_931576.jpg,49.902133,-98.276025,457.380000,0.077272,-0.005459,-0.450990
20160430_113103_526088.jpg,49.902299,-98.276291,456.230000,0.083118,-0.009353,-0.393416
20160430_113105_140457.jpg,49.902452,-98.276530,455.460000,0.086075,0.014209,-0.424124
20160430_113106_777833.jpg,49.902608,-98.276777,454.800000,0.093105,0.024231,-0.390245
20160430_113108_295888.jpg,49.902763,-98.277019,454.920000,0.108203,0.003044,-0.384875
20160430_113109_88853.jpg,49.902916,-98.277257,455.900000,0.106493,-0.012794,-0.355472
20160430_113111_532142.jpg,49.903064,-98.277491,456.990000,0.095585,0.003108,-0.389547
20160430_113113_015611.jpg,49.903206,-98.277726,458.320000,0.077782,0.003898,-0.397424
20160430_113114_580312.jpg,49.903328,-98.277938,459.220000,0.080636,0.031729,-0.371650
20160430_113116_153677.jpg,49.903477,-98.278187,460.690000,0.058269,0.003302,-0.347460
20160430_113117_735438.jpg,49.903605,-98.278404,462.450000,0.016795,-0.004547,-0.347768
20160430_113119_390095.jpg,49.903745,-98.278639,463.660000,0.001554,0.056770,-0.242242
20160430_113120_943034.jpg,49.903905,-98.278879,463.220000,-0.014637,0.032802,-0.309745
20160430_113122_667755.jpg,49.904063,-98.279112,462.960000,-0.019628,0.051165,-0.317184
20160430_113124_143469.jpg,49.904225,-98.279342,461.690000,-0.003419,-0.034985,-0.367208
20160430_113125_605185.jpg,49.904378,-98.279563,460.150000,0.017364,-0.023032,-0.369422
20160430_113127_132803.jpg,49.904527,-98.279773,459.630000,0.037985,-0.053824,-0.402068
20160430_113128_836964.jpg,49.904714,-98.280054,459.220000,0.034943,-0.021094,-0.366485
20160430_113130_399578.jpg,49.904875,-98.280297,458.210000,0.042736,-0.029630,-0.413578
20160430_113131_968464.jpg,49.905050,-98.280566,457.540000,0.065860,-0.011862,-0.347229
20160430_113133_565321.jpg,49.905214,-98.280814,457.010000,0.066480,-0.034655,-0.376924
20160430_113135_09092.jpg,49.905388,-98.281086,456.630000,0.075225,-0.035937,-0.419621
20160430_113137_636259.jpg,49.905667,-98.281560,458.080000,0.074170,0.006965,-0.443265
20160430_113139_196355.jpg,49.905828,-98.281835,458.390000,0.050066,0.022467,-0.465314
20160430_113140_842022.jpg,49.906019,-98.282147,459.120000,0.062482,0.029833,-0.417806
20160430_113142_392024.jpg,49.906197,-98.282423,460.480000,0.057526,0.027495,-0.413171
20160430_113143_962358.jpg,49.906396,-98.282738,460.710000,0.029080,-0.004746,-0.452684
20160430_113145_481009.jpg,49.906564,-98.283000,460.710000,0.044509,-0.010707,-0.389906
20160430_113147_072977.jpg,49.906755,-98.283295,460.880000,0.036519,-0.023716,-0.418596
20160430_113148_595746.jpg,49.906935,-98.283573,460.450000,0.039462,-0.025312,-0.423284
20160430_113150_300414.jpg,49.907154,-98.283911,459.410000,0.051466,-0.000043,-0.393035
20160430_113151_87856.jpg,49.907338,-98.284191,459.210000,0.070339,-0.011760,-0.506128
20160430_113153_528018.jpg,49.907528,-98.284495,458.470000,0.036844,0.000162,-0.578228
20160430_113155_015583.jpg,49.907727,-98.284779,459.940000,0.038315,0.583983,-0.294999
20160430_113156_709753.jpg,49.907945,-98.284864,462.090000,0.062876,0.489075,0.434372
20160430_113158_265143.jpg,49.908110,-98.284776,463.810000,-0.000190,0.494374,0.814819
20160430_113200_067971.jpg,49.908220,-98.284558,463.210000,-0.098162,0.301863,1.084826
20160430_113201_5963.jpg,49.908261,-98.284312,461.820000,-0.149551,0.215399,1.390209
20160430_113203_176762.jpg,49.908261,-98.284015,461.340000,-0.176126,0.111931,1.492779
20160430_113204_667531.jpg,49.908243,-98.283710,459.330000,-0.200403,-0.021121,1.408777
20160430_113206_620958.jpg,49.908226,-98.283341,456.480000,-0.195802,-0.031886,1.463321
20160430_113208_145698.jpg,49.908220,-98.283066,452.660000,-0.206975,-0.044721,1.433525
20160430_113209_727207.jpg,49.908221,-98.282782,447.650000,-0.211415,-0.055736,1.362114
20160430_113211_285841.jpg,49.908234,-98.282493,444.370000,-0.159634,-0.083768,1.346523
20160430_113212_969678.jpg,49.908254,-98.282211,441.810000,-0.166296,-0.092779,1.284222
20160430_113214_604046.jpg,49.908280,-98.281956,437.330000,-0.190499,-0.001287,1.312177
20160430_113216_102454.jpg,49.908307,-98.281745,431.930000,-0.168739,-0.052009,1.295172
20160430_113217_688177.jpg,49.908341,-98.281530,425.710000,-0.115491,-0.016722,1.256716
20160430_113219_362988.jpg,49.908387,-98.281291,421.250000,-0.044619,-0.037853,1.169123
20160430_113222_255372.jpg,49.908481,-98.280844,419.930000,-0.023743,-0.056308,1.086931
20160430_113223_807256.jpg,49.908533,-98.280630,418.770000,-0.054375,0.045650,1.125363
20160430_113225_479587.jpg,49.908581,-98.280389,418.330000,-0.075474,0.039449,1.275349
20160430_113226_954899.jpg,49.908613,-98.280175,418.940000,-0.076011,-0.027643,1.227203
20160430_113228_638312.jpg,49.908650,-98.279935,418.060000,-0.107826,0.010389,1.278444
20160430_113230_147936.jpg,49.908684,-98.279712,416.470000,-0.119219,-0.001011,1.170176
20160430_113231_679137.jpg,49.908727,-98.279468,413.680000,-0.104887,0.014266,1.248713
20160430_113233_353048.jpg,49.908756,-98.279251,412.000000,-0.111989,-0.011430,1.235206
20160430_113234_935166.jpg,49.908787,-98.279032,410.880000,-0.114585,-0.008798,1.240618
20160430_113237_011723.jpg,49.908828,-98.278758,407.220000,-0.113989,-0.019764,1.230513
20160430_113238_730914.jpg,49.908860,-98.278553,403.960000,-0.109043,0.014379,1.196338
20160430_113240_257766.jpg,49.908898,-98.278335,400.940000,-0.083912,-0.037118,1.209015
20160430_113241_984413.jpg,49.908946,-98.278082,400.650000,-0.068425,-0.098598,1.127604
20160430_113243_492251.jpg,49.908986,-98.277878,399.750000,-0.134070,-0.088117,0.995697
20160430_113245_186714.jpg,49.909038,-98.277643,397.530000,-0.104432,-0.000381,1.263326
20160430_113246_969483.jpg,49.909070,-98.277428,395.520000,-0.134916,-0.029748,1.068909
20160430_113248_500486.jpg,49.909120,-98.277196,392.510000,-0.109349,0.000734,1.249485
20160430_113250_110514.jpg,49.909159,-98.276974,390.780000,-0.085830,0.028229,1.296919
20160430_113251_817948.jpg,49.909200,-98.276715,388.160000,-0.090938,0.030837,1.228146
20160430_113253_389174.jpg,49.909236,-98.276502,385.190000,-0.080190,0.012674,1.210301
20160430_113254_959102.jpg,49.909274,-98.276266,382.480000,-0.060055,0.006845,1.202759
20160430_113256_486279.jpg,49.909308,-98.276040,380.720000,-0.045961,-0.009426,1.238321
20160430_113258_002804.jpg,49.909340,-98.275815,379.000000,-0.052729,0.001964,1.237982
20160430_113259_542494.jpg,49.909375,-98.275573,376.830000,-0.060401,-0.045916,1.196739
20160430_113301_087262.jpg,49.909419,-98.275319,373.750000,-0.036161,-0.110166,1.160093
20160430_113302_673258.jpg,49.909472,-98.275072,372.240000,-0.032564,-0.003255,1.213664
20160430_113304_299819.jpg,49.909530,-98.274803,371.540000,-0.043374,0.098454,1.226592
20160430_113307_02904.jpg,49.909605,-98.274336,367.420000,-0.044388,-0.045431,1.220077
20160430_113308_622519.jpg,49.909648,-98.274074,363.360000,-0.041097,0.007374,1.241388
20160430_113310_191955.jpg,49.909690,-98.273797,360.440000,-0.001573,-0.031614,1.261562
20160430_113311_765174.jpg,49.909731,-98.273537,357.750000,0.001400,0.002734,1.248543
20160430_113313_466898.jpg,49.909780,-98.273256,354.900000,0.016179,0.077898,1.250212
20160430_113315_003899.jpg,49.909826,-98.272967,353.380000,0.016958,-0.000257,1.238394
20160430_113316_671783.jpg,49.909878,-98.272664,353.160000,-0.007483,-0.023738,1.141812
20160430_113318_329682.jpg,49.909929,-98.272372,351.790000,-0.019310,0.071522,1.192977
20160430_113319_853561.jpg,49.909964,-98.272134,349.810000,-0.096840,0.059248,1.215036
20160430_113321_439868.jpg,49.909990,-98.271895,344.720000,-0.146417,-0.032089,1.288117
20160430_113323_113355.jpg,49.910027,-98.271647,337.660000,-0.240880,0.029538,1.204978
20160430_113324_804084.jpg,49.910078,-98.271403,330.290000,-0.255317,-0.121050,1.298228
20160430_113326_456088.jpg,49.910157,-98.271132,322.120000,-0.264782,-0.108303,0.888570
20160430_113328_061751.jpg,49.910268,-98.270881,316.080000,-0.227947,0.253936,1.015880
20160430_113329_901.jpg,49.910345,-98.270587,308.750000,-0.201910,0.010490,1.223978
20160430_113331_59074.jpg,49.910418,-98.270256,303.090000,-0.173205,-0.056008,1.123779
20160430_113333_121424.jpg,49.910497,-98.270009,298.430000,-0.182408,-0.196179,1.021222
20160430_113334_763816.jpg,49.910620,-98.269778,291.750000,-0.184331,0.232230,0.776734
20160430_113337_014571.jpg,49.910762,-98.269452,281.310000,-0.204244,-0.098781,1.024184
20160430_113338_616176.jpg,49.910862,-98.269242,274.530000,-0.137502,-0.008210,0.889056
20160430_113340_25923.jpg,49.910997,-98.268998,269.820000,-0.120786,0.124952,0.928622
20160430_113341_97127.jpg,49.911114,-98.268738,265.030000,-0.120892,0.025303,1.062713
